2 0.534375 0.9125 0.3 0.175
2 0.709375 0.83359375 0.334375 0.2125
2 0.72109375 0.73125 0.340625 0.265625
2 0.42265625 0.57265625 0.3390625 0.296875
1 0.4421875 0.79296875 0.0640625 0.05625
1 0.5703125 0.74375 0.059375 0.0515625
0 0.51328125 0.76484375 0.06875 0.0578125
7 0.2328125 0.78828125 0.34375 0.2984375
7 0.325 0.6984375 0.325 0.2484375
7 0.08203125 0.50625 0.1640625 0.25
7 0.24609375 0.18203125 0.3765625 0.3296875
5 0.4453125 0.33515625 0.253125 0.3015625
5 0.72421875 0.45078125 0.3953125 0.3296875
4 0.7171875 0.2125 0.4015625 0.2734375