2 0.3484375 0.74375 0.24375 0.1484375
2 0.6265625 0.2703125 0.190625 0.1
2 0.80546875 0.246875 0.115625 0.1546875
2 0.61015625 0.40390625 0.2015625 0.1265625
7 0.3140625 0.19921875 0.2375 0.125
4 0.5109375 0.08046875 0.2265625 0.103125
5 0.3828125 0.3359375 0.24375 0.10625
7 0.84375 0.4125 0.184375 0.0984375
0 0.7359375 0.4796875 0.040625 0.034375
7 0.4453125 0.4875 0.2265625 0.1546875
7 0.40546875 0.60234375 0.2359375 0.140625
2 0.77890625 0.6234375 0.1921875 0.14375
1 0.5734375 0.62265625 0.0390625 0.034375
3 0.628125 0.74453125 0.0390625 0.0359375
1 0.59375 0.87578125 0.04375 0.034375