2 0.54296875 0.0828125 0.2484375 0.13125
2 0.36875 0.128125 0.2796875 0.128125
2 0.3359375 0.21484375 0.275 0.1796875
2 0.5640625 0.4203125 0.2640625 0.2109375
1 0.5953125 0.221875 0.0515625 0.040625
1 0.471875 0.23671875 0.046875 0.0375
0 0.5265625 0.23203125 0.0546875 0.040625
7 0.77734375 0.27265625 0.26875 0.2125
7 0.67734375 0.33125 0.2625 0.1671875
7 0.89765625 0.55625 0.2046875 0.1984375
7 0.63359375 0.809375 0.29375 0.2484375
5 0.49140625 0.62421875 0.178125 0.2375
5 0.271875 0.46171875 0.3125 0.2296875
4 0.22578125 0.67265625 0.3328125 0.171875