2 0.63125 0.0859375 0.290625 0.171875
2 0.4390625 0.08828125 0.328125 0.1765625
2 0.38203125 0.15546875 0.3359375 0.2609375
2 0.56796875 0.43046875 0.3328125 0.2921875
1 0.653125 0.23125 0.0640625 0.0546875
1 0.51875 0.2140625 0.059375 0.0515625
0 0.578125 0.2234375 0.0671875 0.0578125
7 0.83125 0.33125 0.3375 0.29375
7 0.7109375 0.3671875 0.3203125 0.24375
7 0.87265625 0.65859375 0.2453125 0.2578125
7 0.53828125 0.8453125 0.3734375 0.309375
5 0.43828125 0.62734375 0.2484375 0.296875
5 0.24921875 0.39765625 0.3890625 0.3234375
4 0.17109375 0.6078125 0.3421875 0.26875